H =

    0.2701    0.2463  100.8684
   -1.3933    0.1774  642.8978
         0         0    1.0000


