H =

    0.2701    0.2463  100.8684
   -1.3933    0.1774  642.8978
         0         0    1.0000




 0.2316    0.1983  208.1774
   -1.0356    0.1360  233.3203
         0         0    1.0000

 0.6990    0.4828  117.9748
   -0.5237    0.5837  109.2573
         0         0    1.0000

  0.6679   -0.2343   93.5128
   -0.4902    0.3987  147.6505
         0         0    1.0000
